<<<<<<< HEAD
vkn,mkn,truth
0,0,0
0,0,0
0,0,0
0,0,0
0,0,0
1,0,0
0,0,0
0,0,0
0,0,0
20,20,0.3091417463417691
0,0,0
0,0,0
0,0,0
0,0,0
0,0,0
0,0,0
0,0,0
0,0,0
0,0,0
20,20,-0.33882725097359156
0,0,0
0,0,0
0,0,0
0,0,0
0,0,0
0,0,0
2,0,0
0,0,0
0,0,0
20,20,0.3349394905721901
0,0,0
0,0,0
0,0,0
0,0,0
0,0,0
0,0,0
0,0,0
0,0,0
0,0,0
20,20,-0.2517999768198174
0,0,0
0,0,0
0,0,0
0,0,0
0,0,0
0,0,0
0,0,0
0,0,0
0,0,0
20,20,0.3084993419266808
0,0,0
0,0,0
0,0,0
0,0,0
0,0,0
0,0,0
0,0,0
0,0,0
0,0,0
20,20,-0.29570490132860094
0,0,0
0,0,0
0,0,0
0,0,0
0,0,0
0,0,0
0,0,0
0,0,0
0,0,0
20,20,0.3272840684482339
0,0,0
0,0,0
0,0,0
0,0,0
0,0,0
0,0,0
0,0,0
0,0,0
0,0,0
20,20,-0.3091015750639443
0,0,0
0,0,0
2,0,0
0,0,0
0,0,0
0,0,0
0,0,0
8,0,0
0,0,0
20,20,0.2747420490604748
0,0,0
0,0,0
0,0,0
0,0,0
0,0,0
0,0,0
0,0,0
0,0,0
11,2,0
0,0,-0.20427430581292713
0,0,0
0,0,0
0,0,0
0,0,0
0,0,0
0,0,0
0,0,0
0,0,0
0,0,0
20,20,0.2977008097977148
0,0,0
0,0,0
0,0,0
8,0,0
0,0,0
0,0,0
0,0,0
0,0,0
0,0,0
20,20,-0.3093387928048741
4,0,0
0,0,0
0,0,0
0,0,0
0,0,0
0,0,0
2,0,0
0,0,0
0,0,0
20,20,0.2825455165126519
0,0,0
0,0,0
0,0,0
0,0,0
0,0,0
0,0,0
0,0,0
0,0,0
0,0,0
20,20,-0.30940043589696303
0,0,0
0,0,0
0,0,0
0,0,0
0,0,0
0,0,0
0,0,0
0,0,0
0,0,0
20,20,0.36520409664091014
0,0,0
0,0,0
0,0,0
3,0,0
0,0,0
0,0,0
0,0,0
0,0,0
0,0,0
20,20,-0.3024797491493619
0,0,0
0,0,0
0,0,0
0,0,0
0,0,0
0,0,0
0,0,0
0,0,0
0,0,0
20,20,0.31699498809364035
0,0,0
6,0,0
0,0,0
0,0,0
0,0,0
0,0,0
0,0,0
0,0,0
0,0,0
20,20,-0.29353495536911267
0,0,0
0,0,0
0,0,0
3,0,0
0,0,0
0,0,0
15,2,0
4,0,0
0,0,0
20,20,0.3187253842665504
0,0,0
0,0,0
0,0,0
1,0,0
0,0,0
0,0,0
0,0,0
0,0,0
0,0,0
20,20,-0.34431230505577337
0,0,0
0,0,0
0,0,0
0,0,0
0,0,0
0,0,0
0,0,0
4,0,0
0,0,0
20,20,0.35275685979454047
0,0,0
0,0,0
0,0,0
0,0,0
0,0,0
0,0,0
0,0,0
0,0,0
0,0,0
20,20,-0.3152705544503469
0,0,0
0,0,0
0,0,0
0,0,0
0,0,0
0,0,0
0,0,0
0,0,0
0,0,0
20,20,0.28124545927941413
0,0,0
0,0,0
1,0,0
0,0,0
0,0,0
0,0,0
3,0,0
0,0,0
0,0,0
20,20,-0.33773844941911646
0,0,0
0,0,0
0,0,0
0,0,0
0,0,0
0,0,0
0,0,0
0,0,0
0,0,0
20,20,0.33528377220241457
0,0,0
0,0,0
0,0,0
0,0,0
0,0,0
0,0,0
0,0,0
0,0,0
0,0,0
20,20,-0.3449884561652305
0,0,0
0,0,0
0,0,0
0,0,0
0,0,0
0,0,0
0,0,0
0,0,0
0,0,0
20,20,0.2951523018012582
2,0,0
0,0,0
0,0,0
0,0,0
0,0,0
0,0,0
0,0,0
0,0,0
0,0,0
20,20,-0.3439678953251874
0,0,0
0,0,0
0,0,0
0,0,0
0,0,0
0,0,0
1,0,0
0,0,0
0,0,0
20,20,0.32620722531568164
1,0,0
0,0,0
0,0,0
0,0,0
0,0,0
0,0,0
0,0,0
0,0,0
0,0,0
20,20,-0.33284662474073334
0,0,0
0,0,0
0,0,0
0,0,0
0,0,0
0,0,0
0,0,0
0,0,0
0,0,0
20,20,0.3234667977580475
0,0,0
0,0,0
0,0,0
0,0,0
0,0,0
0,0,0
0,0,0
0,0,0
0,0,0
20,20,-0.33409256007343296
0,0,0
0,0,0
0,0,0
0,0,0
0,0,0
0,0,0
0,0,0
0,0,0
11,11,0
19,20,0.29497636460243376
0,0,0
0,0,0
0,0,0
0,0,0
0,0,0
0,0,0
0,0,0
0,0,0
0,0,0
20,20,-0.27112852671897225
0,0,0
0,0,0
0,0,0
0,0,0
0,0,0
0,0,0
0,0,0
0,0,0
0,0,0
20,20,0.28847001442299447
0,0,0
0,0,0
1,0,0
0,0,0
0,0,0
0,0,0
0,0,0
0,0,0
0,0,0
20,20,-0.34325053658331944
0,0,0
0,0,0
0,0,0
0,0,0
0,0,0
0,0,0
0,0,0
0,0,0
0,0,0
20,20,0.3542302600173425
0,0,0
0,0,0
0,0,0
0,0,0
0,0,0
0,0,0
0,0,0
0,0,0
0,0,0
20,20,-0.36491559145923785
11,0,0
0,0,0
0,0,0
0,0,0
0,0,0
0,0,0
0,0,0
0,0,0
0,0,0
20,20,0.2442716028816904
0,0,0
0,0,0
6,0,0
0,0,0
0,0,0
0,0,0
0,0,0
0,0,0
0,0,0
20,20,-0.34194452850291784
0,0,0
0,0,0
0,0,0
0,0,0
0,0,0
0,0,0
0,0,0
0,0,0
2,0,0
20,20,0.36290527232755093
0,0,0
0,0,0
0,0,0
0,0,0
0,0,0
0,0,0
0,0,0
0,0,0
0,0,0
20,20,-0.3366519470789356
0,0,0
0,0,0
0,0,0
0,0,0
0,0,0
0,0,0
0,0,0
0,0,0
0,0,0
20,20,0.338857298605526
0,0,0
0,0,0
0,0,0
0,0,0
0,0,0
0,0,0
0,0,0
0,0,0
0,0,0
20,20,-0.31270561577431005
0,0,0
0,0,0
0,0,0
0,0,0
0,0,0
0,0,0
0,0,0
0,0,0
0,0,0
19,20,0.2874660705327407
0,0,0
0,0,0
0,0,0
0,0,0
0,0,0
0,0,0
0,0,0
0,0,0
0,0,0
20,20,-0.2530713156929114
0,0,0
0,0,0
0,0,0
6,0,0
0,0,0
0,0,0
0,0,0
0,0,0
0,0,0
19,20,0.27079400016569
2,0,0
0,0,0
0,0,0
0,0,0
0,0,0
0,0,0
0,0,0
0,0,0
7,0,0
20,20,-0.3071412847493468
0,0,0
0,0,0
0,0,0
0,0,0
0,0,0
0,0,0
0,0,0
0,0,0
0,0,0
20,20,0.3014081490046372
0,0,0
0,0,0
0,0,0
0,0,0
9,0,0
0,0,0
0,0,0
0,0,0
0,0,0
20,20,-0.2748345823979384
0,0,0
0,0,0
0,0,0
0,0,0
0,0,0
0,0,0
0,0,0
0,0,0
0,0,0
20,20,0.29166432622049054
0,0,0
0,0,0
0,0,0
0,0,0
0,0,0
0,0,0
1,0,0
0,0,0
0,0,0
20,20,-0.3032582192579529
0,0,0
0,0,0
0,0,0
0,0,0
0,0,0
0,0,0
0,0,0
0,0,0
0,0,0
20,20,0.2972659958395351
1,0,0
0,0,0
0,0,0
0,0,0
0,0,0
0,0,0
0,0,0
0,0,0
1,0,0
20,20,-0.37070061534017157
0,0,0
0,0,0
0,0,0
0,0,0
0,0,0
0,0,0
0,0,0
10,0,0
0,0,0
20,20,0.27742885442423504
0,0,0
0,0,0
0,0,0
0,0,0
0,0,0
0,0,0
0,0,0
0,0,0
0,0,0
20,20,-0.30650184340640213
0,0,0
0,0,0
0,0,0
0,0,0
0,0,0
0,0,0
0,0,0
0,0,0
0,0,0
20,20,0.3139304287873142
0,0,0
0,0,0
0,0,0
0,0,0
0,0,0
0,0,0
0,0,0
0,0,0
0,0,0
20,20,-0.3479440647993365
0,0,0
0,0,0
0,0,0
0,0,0
0,0,0
0,0,0
0,0,0
0,0,0
0,0,0
20,20,0.31852592637285393
0,0,0
0,0,0
0,0,0
0,0,0
0,0,0
0,0,0
0,0,0
0,0,0
1,0,0
20,20,-0.3397324352740208
0,0,0
0,0,0
0,0,0
0,0,0
0,0,0
0,0,0
0,0,0
0,0,0
0,0,0
20,20,0.3077911611906814
0,0,0
0,0,0
0,0,0
0,0,0
0,0,0
0,0,0
0,0,0
0,0,0
0,0,0
20,20,-0.33694716668632047
11,0,0
0,0,0
0,0,0
0,0,0
0,0,0
0,0,0
0,0,0
0,0,0
0,0,0
20,20,0.3422677223587235
0,0,0
0,0,0
0,0,0
0,0,0
0,0,0
0,0,0
0,0,0
0,0,0
0,0,0
20,20,-0.2824456680251129
0,0,0
0,0,0
0,0,0
0,0,0
0,0,0
0,0,0
0,0,0
0,0,0
0,0,0
20,20,0.3189242777018492
4,0,0
0,0,0
0,0,0
0,0,0
0,0,0
0,0,0
0,0,0
0,0,0
10,0,0
20,20,-0.3338965656455993
0,0,0
0,0,0
0,0,0
0,0,0
0,0,0
0,0,0
0,0,0
0,0,0
16,15,0
20,20,0.2900332794112038
0,0,0
0,0,0
0,0,0
0,0,0
0,0,0
0,0,0
0,0,0
0,0,0
0,0,0
20,20,-0.30437093695381007
0,0,0
0,0,0
0,0,0
0,0,0
0,0,0
0,0,0
0,0,0
0,0,0
0,0,0
20,20,0.3266301632531543
0,0,0
0,0,0
0,0,0
0,0,0
0,0,0
0,0,0
0,0,0
0,0,0
0,0,0
20,20,-0.36747638463495447
0,0,0
0,0,0
0,0,0
0,0,0
0,0,0
0,0,0
0,0,0
0,0,0
0,0,0
19,20,0.24738924221054628
0,0,0
0,0,0
0,0,0
0,0,0
0,0,0
0,0,0
0,0,0
0,0,0
0,0,0
20,20,-0.36059909129411705
0,0,0
0,0,0
0,0,0
0,0,0
0,0,0
0,0,0
0,0,0
0,0,0
0,0,0
20,20,0.41332562589500266
0,0,0
0,0,0
0,0,0
0,0,0
0,0,0
0,0,0
0,0,0
0,0,0
0,0,0
20,20,-0.36662386060337265
0,0,0
0,0,0
0,0,0
0,0,0
0,0,0
0,0,0
0,0,0
0,0,0
0,0,0
20,20,0.33059238974305993
0,0,0
0,0,0
2,0,0
0,0,0
0,0,0
0,0,0
0,0,0
0,0,0
0,0,0
20,20,-0.3079465160921592
0,0,0
0,0,0
0,0,0
0,0,0
0,0,0
0,0,0
0,0,0
0,0,0
0,0,0
20,20,0.3461262405896556
0,0,0
0,0,0
0,0,0
0,0,0
0,0,0
0,0,0
0,0,0
0,0,0
0,0,0
20,20,-0.31896824619722547
0,0,0
0,0,0
0,0,0
0,0,0
0,0,0
0,0,0
0,0,0
0,0,0
0,0,0
20,20,0.2777880306946109
0,0,0
0,0,0
0,0,0
0,0,0
0,0,0
0,0,0
0,0,0
6,0,0
0,0,0
20,20,-0.25448989902907193
0,0,0
0,0,0
0,0,0
0,0,0
0,0,0
0,0,0
0,0,0
0,0,0
0,0,0
15,20,0.2933866043985895
1,0,0
0,0,0
8,0,0
0,0,0
0,0,0
0,0,0
0,0,0
0,0,0
0,0,0
20,20,-0.30927772624642863
0,0,0
0,0,0
0,0,0
0,0,0
0,0,0
0,0,0
0,0,0
0,0,0
0,0,0
20,20,0.32382269701949734
0,0,0
0,0,0
0,0,0
0,0,0
0,0,0
0,0,0
0,0,0
0,0,0
0,0,0
20,20,-0.33894378834994043
0,0,0
0,0,0
0,0,0
0,0,0
0,0,0
0,0,0
0,0,0
0,0,0
0,0,0
20,20,0.3517520278485594
0,0,0
0,0,0
0,0,0
0,0,0
0,0,0
0,0,0
0,0,0
0,0,0
0,0,0
20,20,-0.30820114387000325
0,0,0
0,0,0
0,0,0
0,0,0
0,0,0
0,0,0
0,0,0
5,0,0
0,0,0
20,20,0.3736284322484496
0,0,0
0,0,0
0,0,0
0,0,0
0,0,0
0,0,0
0,0,0
0,0,0
0,0,0
20,20,-0.33905050385869545
2,0,0
0,0,0
0,0,0
0,0,0
0,0,0
0,0,0
0,0,0
0,0,0
0,0,0
19,20,0.28103881534586755
10,0,0
0,0,0
1,0,0
0,0,0
0,0,0
0,0,0
0,0,0
0,0,0
0,0,0
20,20,-0.3642898584333739
0,0,0
0,0,0
0,0,0
0,0,0
0,0,0
0,0,0
0,0,0
0,0,0
0,0,0
20,20,0.3164363167686687
0,0,0
0,0,0
1,0,0
0,0,0
0,0,0
0,0,0
0,0,0
0,0,0
0,0,0
20,20,-0.31895379240614014
0,0,0
0,0,0
0,0,0
0,0,0
3,0,0
0,0,0
0,0,0
0,0,0
0,0,0
20,20,0.31714834864872327
0,0,0
0,0,0
0,0,0
0,0,0
0,0,0
0,0,0
0,0,0
0,0,0
0,0,0
19,20,-0.2627039291532349
0,0,0
0,0,0
0,0,0
0,0,0
0,0,0
0,0,0
0,0,0
1,0,0
6,0,0
17,20,0.31461416893482125
0,0,0
6,0,0
0,0,0
0,0,0
0,0,0
0,0,0
0,0,0
0,0,0
0,0,0
20,20,-0.3416658733591576
0,0,0
0,0,0
0,0,0
0,0,0
0,0,0
0,0,0
0,0,0
0,0,0
0,0,0
20,20,0.30259064054974
0,0,0
0,0,0
0,0,0
0,0,0
1,0,0
0,0,0
0,0,0
0,0,0
0,0,0
20,20,-0.295244186058444
16,9,0
0,0,0
0,0,0
0,0,0
0,0,0
1,0,0
0,0,0
0,0,0
0,0,0
20,20,0.3433650591471941
0,0,0
0,0,0
0,0,0
3,0,0
0,0,0
0,0,0
0,0,0
0,0,0
0,0,0
20,20,-0.29376825053731925
=======
vkn,mkn,truth,mknn
0,0,0,NA
0,0,0,NA
0,0,0,NA
0,0,0,NA
0,0,0,NA
1,0,0,NA
0,0,0,NA
0,0,0,NA
0,0,0,NA
20,0,0.3091417463417691,1
0,0,0,NA
0,0,0,NA
0,0,0,NA
0,0,0,NA
0,0,0,NA
0,0,0,NA
0,0,0,NA
0,0,0,NA
0,0,0,NA
20,0,-0.33882725097359156,1
0,0,0,NA
0,0,0,NA
0,0,0,NA
0,0,0,NA
0,0,0,NA
0,0,0,NA
2,0,0,NA
0,0,0,NA
0,0,0,NA
20,0,0.3349394905721901,1
0,0,0,NA
0,0,0,NA
0,0,0,NA
0,0,0,NA
0,0,0,NA
0,0,0,NA
0,0,0,NA
0,0,0,NA
0,0,0,NA
20,0,-0.2517999768198174,1
0,0,0,NA
0,0,0,NA
0,0,0,NA
0,0,0,NA
0,0,0,NA
0,0,0,NA
0,0,0,NA
0,0,0,NA
0,0,0,NA
20,0,0.3084993419266808,1
0,0,0,NA
0,0,0,NA
0,0,0,NA
0,0,0,NA
0,0,0,NA
0,0,0,NA
0,0,0,NA
0,0,0,NA
0,0,0,NA
20,0,-0.29570490132860094,1
0,0,0,NA
0,0,0,NA
0,0,0,NA
0,0,0,NA
0,0,0,NA
0,0,0,NA
0,0,0,NA
0,0,0,NA
0,0,0,NA
20,0,0.3272840684482339,1
0,0,0,NA
0,0,0,NA
0,0,0,NA
0,0,0,NA
0,0,0,NA
0,0,0,NA
0,0,0,NA
0,0,0,NA
0,0,0,NA
20,0,-0.3091015750639443,1
0,0,0,NA
0,0,0,NA
2,0,0,NA
0,0,0,NA
0,0,0,NA
0,0,0,NA
0,0,0,NA
8,0,0,NA
0,0,0,NA
20,0,0.2747420490604748,1
0,0,0,NA
0,0,0,NA
0,0,0,NA
0,0,0,NA
0,0,0,NA
0,0,0,NA
0,0,0,NA
0,0,0,NA
11,0,0,1
0,0,-0.20427430581292713,NA
0,0,0,NA
0,0,0,NA
0,0,0,NA
0,0,0,NA
0,0,0,NA
0,0,0,NA
0,0,0,NA
0,0,0,NA
0,0,0,NA
20,0,0.2977008097977148,1
0,0,0,NA
0,0,0,NA
0,0,0,NA
8,0,0,NA
0,0,0,NA
0,0,0,NA
0,0,0,NA
0,0,0,NA
0,0,0,NA
20,0,-0.3093387928048741,1
4,0,0,NA
0,0,0,NA
0,0,0,NA
0,0,0,NA
0,0,0,NA
0,0,0,NA
2,0,0,NA
0,0,0,NA
0,0,0,NA
20,0,0.2825455165126519,1
0,0,0,NA
0,0,0,NA
0,0,0,NA
0,0,0,NA
0,0,0,NA
0,0,0,NA
0,0,0,NA
0,0,0,NA
0,0,0,NA
20,0,-0.30940043589696303,1
0,0,0,NA
0,0,0,NA
0,0,0,NA
0,0,0,NA
0,0,0,NA
0,0,0,NA
0,0,0,NA
0,0,0,NA
0,0,0,NA
20,0,0.36520409664091014,1
0,0,0,NA
0,0,0,NA
0,0,0,NA
3,0,0,NA
0,0,0,NA
0,0,0,NA
0,0,0,NA
0,0,0,NA
0,0,0,NA
20,0,-0.3024797491493619,1
0,0,0,NA
0,0,0,NA
0,0,0,NA
0,0,0,NA
0,0,0,NA
0,0,0,NA
0,0,0,NA
0,0,0,NA
0,0,0,NA
20,0,0.31699498809364035,1
0,0,0,NA
6,0,0,NA
0,0,0,NA
0,0,0,NA
0,0,0,NA
0,0,0,NA
0,0,0,NA
0,0,0,NA
0,0,0,NA
20,0,-0.29353495536911267,1
0,0,0,NA
0,0,0,NA
0,0,0,NA
3,0,0,NA
0,0,0,NA
0,0,0,NA
15,0,0,1
4,0,0,NA
0,0,0,NA
20,0,0.3187253842665504,1
0,0,0,NA
0,0,0,NA
0,0,0,NA
1,0,0,NA
0,0,0,NA
0,0,0,NA
0,0,0,NA
0,0,0,NA
0,0,0,NA
20,0,-0.34431230505577337,1
0,0,0,NA
0,0,0,NA
0,0,0,NA
0,0,0,NA
0,0,0,NA
0,0,0,NA
0,0,0,NA
4,0,0,NA
0,0,0,NA
20,0,0.35275685979454047,1
0,0,0,NA
0,0,0,NA
0,0,0,NA
0,0,0,NA
0,0,0,NA
0,0,0,NA
0,0,0,NA
0,0,0,NA
0,0,0,NA
20,0,-0.3152705544503469,1
0,0,0,NA
0,0,0,NA
0,0,0,NA
0,0,0,NA
0,0,0,NA
0,0,0,NA
0,0,0,NA
0,0,0,NA
0,0,0,NA
20,0,0.28124545927941413,1
0,0,0,NA
0,0,0,NA
1,0,0,NA
0,0,0,NA
0,0,0,NA
0,0,0,NA
3,0,0,NA
0,0,0,NA
0,0,0,NA
20,0,-0.33773844941911646,1
0,0,0,NA
0,0,0,NA
0,0,0,NA
0,0,0,NA
0,0,0,NA
0,0,0,NA
0,0,0,NA
0,0,0,NA
0,0,0,NA
20,0,0.33528377220241457,1
0,0,0,NA
0,0,0,NA
0,0,0,NA
0,0,0,NA
0,0,0,NA
0,0,0,NA
0,0,0,NA
0,0,0,NA
0,0,0,NA
20,0,-0.3449884561652305,1
0,0,0,NA
0,0,0,NA
0,0,0,NA
0,0,0,NA
0,0,0,NA
0,0,0,NA
0,0,0,NA
0,0,0,NA
0,0,0,NA
20,0,0.2951523018012582,1
2,0,0,NA
0,0,0,NA
0,0,0,NA
0,0,0,NA
0,0,0,NA
0,0,0,NA
0,0,0,NA
0,0,0,NA
0,0,0,NA
20,0,-0.3439678953251874,1
0,0,0,NA
0,0,0,NA
0,0,0,NA
0,0,0,NA
0,0,0,NA
0,0,0,NA
1,0,0,NA
0,0,0,NA
0,0,0,NA
20,0,0.32620722531568164,1
1,0,0,NA
0,0,0,NA
0,0,0,NA
0,0,0,NA
0,0,0,NA
0,0,0,NA
0,0,0,NA
0,0,0,NA
0,0,0,NA
20,0,-0.33284662474073334,1
0,0,0,NA
0,0,0,NA
0,0,0,NA
0,0,0,NA
0,0,0,NA
0,0,0,NA
0,0,0,NA
0,0,0,NA
0,0,0,NA
20,0,0.3234667977580475,1
0,0,0,NA
0,0,0,NA
0,0,0,NA
0,0,0,NA
0,0,0,NA
0,0,0,NA
0,0,0,NA
0,0,0,NA
0,0,0,NA
20,0,-0.33409256007343296,1
0,0,0,NA
0,0,0,NA
0,0,0,NA
0,0,0,NA
0,0,0,NA
0,0,0,NA
0,0,0,NA
0,0,0,NA
11,0,0,1
19,0,0.29497636460243376,1
0,0,0,NA
0,0,0,NA
0,0,0,NA
0,0,0,NA
0,0,0,NA
0,0,0,NA
0,0,0,NA
0,0,0,NA
0,0,0,NA
20,0,-0.27112852671897225,1
0,0,0,NA
0,0,0,NA
0,0,0,NA
0,0,0,NA
0,0,0,NA
0,0,0,NA
0,0,0,NA
0,0,0,NA
0,0,0,NA
20,0,0.28847001442299447,1
0,0,0,NA
0,0,0,NA
1,0,0,NA
0,0,0,NA
0,0,0,NA
0,0,0,NA
0,0,0,NA
0,0,0,NA
0,0,0,NA
20,0,-0.34325053658331944,1
0,0,0,NA
0,0,0,NA
0,0,0,NA
0,0,0,NA
0,0,0,NA
0,0,0,NA
0,0,0,NA
0,0,0,NA
0,0,0,NA
20,0,0.3542302600173425,1
0,0,0,NA
0,0,0,NA
0,0,0,NA
0,0,0,NA
0,0,0,NA
0,0,0,NA
0,0,0,NA
0,0,0,NA
0,0,0,NA
20,0,-0.36491559145923785,1
11,0,0,NA
0,0,0,NA
0,0,0,NA
0,0,0,NA
0,0,0,NA
0,0,0,NA
0,0,0,NA
0,0,0,NA
0,0,0,NA
20,0,0.2442716028816904,1
0,0,0,NA
0,0,0,NA
6,0,0,NA
0,0,0,NA
0,0,0,NA
0,0,0,NA
0,0,0,NA
0,0,0,NA
0,0,0,NA
20,0,-0.34194452850291784,1
0,0,0,NA
0,0,0,NA
0,0,0,NA
0,0,0,NA
0,0,0,NA
0,0,0,NA
0,0,0,NA
0,0,0,NA
2,0,0,NA
20,0,0.36290527232755093,1
0,0,0,NA
0,0,0,NA
0,0,0,NA
0,0,0,NA
0,0,0,NA
0,0,0,NA
0,0,0,NA
0,0,0,NA
0,0,0,NA
20,0,-0.3366519470789356,1
0,0,0,NA
0,0,0,NA
0,0,0,NA
0,0,0,NA
0,0,0,NA
0,0,0,NA
0,0,0,NA
0,0,0,NA
0,0,0,NA
20,0,0.338857298605526,1
0,0,0,NA
0,0,0,NA
0,0,0,NA
0,0,0,NA
0,0,0,NA
0,0,0,NA
0,0,0,NA
0,0,0,NA
0,0,0,NA
20,0,-0.31270561577431005,1
0,0,0,NA
0,0,0,NA
0,0,0,NA
0,0,0,NA
0,0,0,NA
0,0,0,NA
0,0,0,NA
0,0,0,NA
0,0,0,NA
19,0,0.2874660705327407,1
0,0,0,NA
0,0,0,NA
0,0,0,NA
0,0,0,NA
0,0,0,NA
0,0,0,NA
0,0,0,NA
0,0,0,NA
0,0,0,NA
20,0,-0.2530713156929114,1
0,0,0,NA
0,0,0,NA
0,0,0,NA
6,0,0,NA
0,0,0,NA
0,0,0,NA
0,0,0,NA
0,0,0,NA
0,0,0,NA
19,0,0.27079400016569,1
2,0,0,NA
0,0,0,NA
0,0,0,NA
0,0,0,NA
0,0,0,NA
0,0,0,NA
0,0,0,NA
0,0,0,NA
7,0,0,NA
20,0,-0.3071412847493468,1
0,0,0,NA
0,0,0,NA
0,0,0,NA
0,0,0,NA
0,0,0,NA
0,0,0,NA
0,0,0,NA
0,0,0,NA
0,0,0,NA
20,0,0.3014081490046372,1
0,0,0,NA
0,0,0,NA
0,0,0,NA
0,0,0,NA
9,0,0,NA
0,0,0,NA
0,0,0,NA
0,0,0,NA
0,0,0,NA
20,0,-0.2748345823979384,1
0,0,0,NA
0,0,0,NA
0,0,0,NA
0,0,0,NA
0,0,0,NA
0,0,0,NA
0,0,0,NA
0,0,0,NA
0,0,0,NA
20,0,0.29166432622049054,1
0,0,0,NA
0,0,0,NA
0,0,0,NA
0,0,0,NA
0,0,0,NA
0,0,0,NA
1,0,0,NA
0,0,0,NA
0,0,0,NA
20,0,-0.3032582192579529,1
0,0,0,NA
0,0,0,NA
0,0,0,NA
0,0,0,NA
0,0,0,NA
0,0,0,NA
0,0,0,NA
0,0,0,NA
0,0,0,NA
20,0,0.2972659958395351,1
1,0,0,NA
0,0,0,NA
0,0,0,NA
0,0,0,NA
0,0,0,NA
0,0,0,NA
0,0,0,NA
0,0,0,NA
1,0,0,NA
20,0,-0.37070061534017157,1
0,0,0,NA
0,0,0,NA
0,0,0,NA
0,0,0,NA
0,0,0,NA
0,0,0,NA
0,0,0,NA
10,0,0,NA
0,0,0,NA
20,0,0.27742885442423504,1
0,0,0,NA
0,0,0,NA
0,0,0,NA
0,0,0,NA
0,0,0,NA
0,0,0,NA
0,0,0,NA
0,0,0,NA
0,0,0,NA
20,0,-0.30650184340640213,1
0,0,0,NA
0,0,0,NA
0,0,0,NA
0,0,0,NA
0,0,0,NA
0,0,0,NA
0,0,0,NA
0,0,0,NA
0,0,0,NA
20,0,0.3139304287873142,1
0,0,0,NA
0,0,0,NA
0,0,0,NA
0,0,0,NA
0,0,0,NA
0,0,0,NA
0,0,0,NA
0,0,0,NA
0,0,0,NA
20,0,-0.3479440647993365,1
0,0,0,NA
0,0,0,NA
0,0,0,NA
0,0,0,NA
0,0,0,NA
0,0,0,NA
0,0,0,NA
0,0,0,NA
0,0,0,NA
20,0,0.31852592637285393,1
0,0,0,NA
0,0,0,NA
0,0,0,NA
0,0,0,NA
0,0,0,NA
0,0,0,NA
0,0,0,NA
0,0,0,NA
1,0,0,NA
20,0,-0.3397324352740208,1
0,0,0,NA
0,0,0,NA
0,0,0,NA
0,0,0,NA
0,0,0,NA
0,0,0,NA
0,0,0,NA
0,0,0,NA
0,0,0,NA
20,0,0.3077911611906814,1
0,0,0,NA
0,0,0,NA
0,0,0,NA
0,0,0,NA
0,0,0,NA
0,0,0,NA
0,0,0,NA
0,0,0,NA
0,0,0,NA
20,0,-0.33694716668632047,1
11,0,0,NA
0,0,0,NA
0,0,0,NA
0,0,0,NA
0,0,0,NA
0,0,0,NA
0,0,0,NA
0,0,0,NA
0,0,0,NA
20,0,0.3422677223587235,1
0,0,0,NA
0,0,0,NA
0,0,0,NA
0,0,0,NA
0,0,0,NA
0,0,0,NA
0,0,0,NA
0,0,0,NA
0,0,0,NA
20,0,-0.2824456680251129,1
0,0,0,NA
0,0,0,NA
0,0,0,NA
0,0,0,NA
0,0,0,NA
0,0,0,NA
0,0,0,NA
0,0,0,NA
0,0,0,NA
20,0,0.3189242777018492,1
4,0,0,NA
0,0,0,NA
0,0,0,NA
0,0,0,NA
0,0,0,NA
0,0,0,NA
0,0,0,NA
0,0,0,NA
10,0,0,NA
20,0,-0.3338965656455993,1
0,0,0,NA
0,0,0,NA
0,0,0,NA
0,0,0,NA
0,0,0,NA
0,0,0,NA
0,0,0,NA
0,0,0,NA
16,0,0,1
20,0,0.2900332794112038,1
0,0,0,NA
0,0,0,NA
0,0,0,NA
0,0,0,NA
0,0,0,NA
0,0,0,NA
0,0,0,NA
0,0,0,NA
0,0,0,NA
20,0,-0.30437093695381007,1
0,0,0,NA
0,0,0,NA
0,0,0,NA
0,0,0,NA
0,0,0,NA
0,0,0,NA
0,0,0,NA
0,0,0,NA
0,0,0,NA
20,0,0.3266301632531543,1
0,0,0,NA
0,0,0,NA
0,0,0,NA
0,0,0,NA
0,0,0,NA
0,0,0,NA
0,0,0,NA
0,0,0,NA
0,0,0,NA
20,0,-0.36747638463495447,1
0,0,0,NA
0,0,0,NA
0,0,0,NA
0,0,0,NA
0,0,0,NA
0,0,0,NA
0,0,0,NA
0,0,0,NA
0,0,0,NA
19,0,0.24738924221054628,1
0,0,0,NA
0,0,0,NA
0,0,0,NA
0,0,0,NA
0,0,0,NA
0,0,0,NA
0,0,0,NA
0,0,0,NA
0,0,0,NA
20,0,-0.36059909129411705,1
0,0,0,NA
0,0,0,NA
0,0,0,NA
0,0,0,NA
0,0,0,NA
0,0,0,NA
0,0,0,NA
0,0,0,NA
0,0,0,NA
20,0,0.41332562589500266,1
0,0,0,NA
0,0,0,NA
0,0,0,NA
0,0,0,NA
0,0,0,NA
0,0,0,NA
0,0,0,NA
0,0,0,NA
0,0,0,NA
20,0,-0.36662386060337265,1
0,0,0,NA
0,0,0,NA
0,0,0,NA
0,0,0,NA
0,0,0,NA
0,0,0,NA
0,0,0,NA
0,0,0,NA
0,0,0,NA
20,0,0.33059238974305993,1
0,0,0,NA
0,0,0,NA
2,0,0,NA
0,0,0,NA
0,0,0,NA
0,0,0,NA
0,0,0,NA
0,0,0,NA
0,0,0,NA
20,0,-0.3079465160921592,1
0,0,0,NA
0,0,0,NA
0,0,0,NA
0,0,0,NA
0,0,0,NA
0,0,0,NA
0,0,0,NA
0,0,0,NA
0,0,0,NA
20,0,0.3461262405896556,1
0,0,0,NA
0,0,0,NA
0,0,0,NA
0,0,0,NA
0,0,0,NA
0,0,0,NA
0,0,0,NA
0,0,0,NA
0,0,0,NA
20,0,-0.31896824619722547,1
0,0,0,NA
0,0,0,NA
0,0,0,NA
0,0,0,NA
0,0,0,NA
0,0,0,NA
0,0,0,NA
0,0,0,NA
0,0,0,NA
20,0,0.2777880306946109,1
0,0,0,NA
0,0,0,NA
0,0,0,NA
0,0,0,NA
0,0,0,NA
0,0,0,NA
0,0,0,NA
6,0,0,NA
0,0,0,NA
20,0,-0.25448989902907193,1
0,0,0,NA
0,0,0,NA
0,0,0,NA
0,0,0,NA
0,0,0,NA
0,0,0,NA
0,0,0,NA
0,0,0,NA
0,0,0,NA
15,0,0.2933866043985895,1
1,0,0,NA
0,0,0,NA
8,0,0,NA
0,0,0,NA
0,0,0,NA
0,0,0,NA
0,0,0,NA
0,0,0,NA
0,0,0,NA
20,0,-0.30927772624642863,1
0,0,0,NA
0,0,0,NA
0,0,0,NA
0,0,0,NA
0,0,0,NA
0,0,0,NA
0,0,0,NA
0,0,0,NA
0,0,0,NA
20,0,0.32382269701949734,1
0,0,0,NA
0,0,0,NA
0,0,0,NA
0,0,0,NA
0,0,0,NA
0,0,0,NA
0,0,0,NA
0,0,0,NA
0,0,0,NA
20,0,-0.33894378834994043,1
0,0,0,NA
0,0,0,NA
0,0,0,NA
0,0,0,NA
0,0,0,NA
0,0,0,NA
0,0,0,NA
0,0,0,NA
0,0,0,NA
20,0,0.3517520278485594,1
0,0,0,NA
0,0,0,NA
0,0,0,NA
0,0,0,NA
0,0,0,NA
0,0,0,NA
0,0,0,NA
0,0,0,NA
0,0,0,NA
20,0,-0.30820114387000325,1
0,0,0,NA
0,0,0,NA
0,0,0,NA
0,0,0,NA
0,0,0,NA
0,0,0,NA
0,0,0,NA
5,0,0,NA
0,0,0,NA
20,0,0.3736284322484496,1
0,0,0,NA
0,0,0,NA
0,0,0,NA
0,0,0,NA
0,0,0,NA
0,0,0,NA
0,0,0,NA
0,0,0,NA
0,0,0,NA
20,0,-0.33905050385869545,1
2,0,0,NA
0,0,0,NA
0,0,0,NA
0,0,0,NA
0,0,0,NA
0,0,0,NA
0,0,0,NA
0,0,0,NA
0,0,0,NA
19,0,0.28103881534586755,1
10,0,0,NA
0,0,0,NA
1,0,0,NA
0,0,0,NA
0,0,0,NA
0,0,0,NA
0,0,0,NA
0,0,0,NA
0,0,0,NA
20,0,-0.3642898584333739,1
0,0,0,NA
0,0,0,NA
0,0,0,NA
0,0,0,NA
0,0,0,NA
0,0,0,NA
0,0,0,NA
0,0,0,NA
0,0,0,NA
20,0,0.3164363167686687,1
0,0,0,NA
0,0,0,NA
1,0,0,NA
0,0,0,NA
0,0,0,NA
0,0,0,NA
0,0,0,NA
0,0,0,NA
0,0,0,NA
20,0,-0.31895379240614014,1
0,0,0,NA
0,0,0,NA
0,0,0,NA
0,0,0,NA
3,0,0,NA
0,0,0,NA
0,0,0,NA
0,0,0,NA
0,0,0,NA
20,0,0.31714834864872327,1
0,0,0,NA
0,0,0,NA
0,0,0,NA
0,0,0,NA
0,0,0,NA
0,0,0,NA
0,0,0,NA
0,0,0,NA
0,0,0,NA
19,0,-0.2627039291532349,1
0,0,0,NA
0,0,0,NA
0,0,0,NA
0,0,0,NA
0,0,0,NA
0,0,0,NA
0,0,0,NA
1,0,0,NA
6,0,0,NA
17,0,0.31461416893482125,1
0,0,0,NA
6,0,0,NA
0,0,0,NA
0,0,0,NA
0,0,0,NA
0,0,0,NA
0,0,0,NA
0,0,0,NA
0,0,0,NA
20,0,-0.3416658733591576,1
0,0,0,NA
0,0,0,NA
0,0,0,NA
0,0,0,NA
0,0,0,NA
0,0,0,NA
0,0,0,NA
0,0,0,NA
0,0,0,NA
20,0,0.30259064054974,1
0,0,0,NA
0,0,0,NA
0,0,0,NA
0,0,0,NA
1,0,0,NA
0,0,0,NA
0,0,0,NA
0,0,0,NA
0,0,0,NA
20,0,-0.295244186058444,1
16,0,0,1
0,0,0,NA
0,0,0,NA
0,0,0,NA
0,0,0,NA
1,0,0,NA
0,0,0,NA
0,0,0,NA
0,0,0,NA
20,0,0.3433650591471941,1
0,0,0,NA
0,0,0,NA
0,0,0,NA
3,0,0,NA
0,0,0,NA
0,0,0,NA
0,0,0,NA
0,0,0,NA
0,0,0,NA
20,0,-0.29376825053731925,1
>>>>>>> dc0cdd50c44dafac6096c21fb959fd7e50449b34
